  2454287.985608  15.7470 0.0797   4.2  3.686  2.696
  2454288.060788  15.8108 0.0825   4.2  3.686  2.696
  2454288.141183  15.7743 0.0854   4.3  3.686  2.696
  2454288.178220  15.7978 0.0872   4.3  3.686  2.696
  2454288.213867  15.8564 0.0897   4.3  3.686  2.696
  2454288.243565  15.8205 0.0863   4.3  3.686  2.697
  2454288.251877  15.8249 0.0884   4.3  3.686  2.697
  2454288.780388  15.7977 0.0770   4.4  3.686  2.699
  2454288.829807  15.7829 0.0760   4.4  3.686  2.699
  2454288.874971  15.7738 0.0770   4.4  3.686  2.699
  2454288.917645  15.7546 0.0716   4.4  3.686  2.699
  2454289.153593  15.8442 0.0840   4.5  3.686  2.700
  2454289.216032  15.7410 0.0858   4.5  3.686  2.700
  2454289.246558  15.7244 0.0840   4.5  3.686  2.701
  2454289.251315  15.7218 0.0925   4.5  3.686  2.701
  2454290.041698  15.7582 0.0973   4.7  3.687  2.704
  2454290.078278  15.7054 0.0954   4.7  3.687  2.704
  2454290.114891  15.5878 0.0725   4.7  3.687  2.704
  2454290.151494  15.6575 0.0775   4.8  3.687  2.704
  2454290.188102  15.5558 0.0760   4.8  3.687  2.705
  2454291.187679  15.6289 0.0925   5.0  3.687  2.709
  2454291.786046  15.7852 0.0833   5.2  3.688  2.712
  2454291.823171  15.7126 0.0797   5.2  3.688  2.712
  2454291.861819  15.7408 0.0803   5.2  3.688  2.712
  2454292.011806  15.7247 0.0916   5.2  3.688  2.713
  2454292.835234  15.6604 0.0798   5.4  3.688  2.717
  2454292.870887  15.7044 0.0798   5.4  3.688  2.717
  2454292.906525  15.6506 0.0803   5.5  3.689  2.717
  2454292.942160  15.8066 0.0800   5.5  3.689  2.718
  2454292.977778  15.6270 0.0800   5.5  3.689  2.718
  2454293.014682  15.7050 0.0800   5.5  3.689  2.718
  2454293.082612  15.6886 0.0920   5.5  3.689  2.718
  2454293.122622  15.8966 0.0928   5.5  3.689  2.719
  2454293.130935  15.7141 0.0924   5.5  3.689  2.719
  2454293.172522  15.7044 0.0932   5.5  3.689  2.719
  2454293.180833  15.6514 0.0970   5.5  3.689  2.719
  2454293.234824  15.7072 0.0928   5.5  3.689  2.719
  2454293.785438  15.8982 0.0956   5.7  3.689  2.722
  2454293.821081  15.8590 0.0873   5.7  3.689  2.722
  2454293.856711  15.8980 0.0943   5.7  3.689  2.722
  2454293.892358  15.8955 0.0893   5.7  3.689  2.723
  2454294.063759  15.8816 0.0828   5.7  3.689  2.724
  2454294.099395  16.0487 0.0851   5.8  3.689  2.724
  2454294.135042  15.8690 0.0826   5.8  3.689  2.724
  2454294.206337  15.8860 0.0823   5.8  3.689  2.724
  2454294.231281  15.8507 0.0802   5.8  3.689  2.724
  2454294.779274  15.7465 0.1204   5.9  3.690  2.727
  2454294.814898  15.8232 0.1072   5.9  3.690  2.728
  2454294.860373  15.7515 0.1029   6.0  3.690  2.728
  2454294.946781  15.7634 0.1081   6.0  3.690  2.728
  2454294.989568  15.8165 0.1124   6.0  3.690  2.729
  2454295.035294  15.6957 0.0876   6.0  3.690  2.729
  2454295.077375  15.9138 0.0887   6.0  3.690  2.729
  2454295.163693  15.7381 0.0881   6.0  3.690  2.730
  2454295.228663  15.7810 0.0905   6.0  3.690  2.730
  2454295.780899  15.9593 0.1033   6.2  3.690  2.733
  2454295.858517  15.9234 0.0986   6.2  3.690  2.734
  2454296.052671  15.9121 0.0984   6.3  3.690  2.735
  2454296.088307  15.9946 0.1204   6.3  3.690  2.735
  2454296.123946  16.1138 0.1297   6.3  3.690  2.735
  2454296.159581  15.8964 0.1202   6.3  3.690  2.736
  2454296.195211  15.8277 0.1200   6.3  3.690  2.736
  2454296.223725  15.9010 0.1212   6.3  3.690  2.736
  2454296.842203  15.7002 0.1148   6.5  3.691  2.740
  2454296.885572  15.7148 0.1170   6.5  3.691  2.740
  2454296.921193  15.7092 0.1169   6.5  3.691  2.740
  2454296.956837  15.7290 0.1188   6.5  3.691  2.740
  2454296.993755  15.7099 0.1187   6.5  3.691  2.741
  2454297.032001  15.7190 0.1175   6.5  3.691  2.741
  2454298.106712  15.5660 0.0978   6.8  3.692  2.748
  2454298.142332  15.6276 0.0981   6.8  3.692  2.748
  2454298.177990  15.6960 0.0994   6.8  3.692  2.748
  2454298.212435  15.6675 0.0983   6.8  3.692  2.748
  2454298.223125  15.6234 0.1031   6.8  3.692  2.748
  2454298.798802  15.5385 0.1195   7.0  3.692  2.752
  2454298.905740  15.6556 0.1132   7.0  3.692  2.753
  2454298.941372  15.5511 0.1128   7.0  3.692  2.753
  2454298.977010  15.6927 0.1135   7.0  3.692  2.753
  2454299.016459  15.5769 0.1175   7.0  3.692  2.754
  2454299.052134  15.5788 0.1143   7.0  3.692  2.754
  2454299.087770  15.5118 0.1134   7.0  3.692  2.754
  2454299.123391  15.6615 0.1156   7.0  3.692  2.754
  2454299.159041  15.5152 0.1128   7.1  3.692  2.755
  2454299.194699  15.5406 0.1136   7.1  3.692  2.755
  2454299.218458  15.6009 0.1176   7.1  3.692  2.755
  2454299.809313  15.7038 0.1049   7.2  3.693  2.759
  2454299.845372  15.7221 0.1019   7.2  3.693  2.759
  2454299.881022  15.6754 0.1015   7.2  3.693  2.760
  2454299.916648  15.7489 0.1015   7.2  3.693  2.760
  2454299.952299  15.6650 0.1016   7.3  3.693  2.760
  2454300.027462  15.8379 0.1234   7.3  3.693  2.761
  2454300.063106  15.6942 0.1228   7.3  3.693  2.761
  2454300.098749  15.7445 0.1237   7.3  3.693  2.761
  2454300.170023  15.6822 0.1233   7.3  3.693  2.762
  2454300.204477  16.1084 0.1246   7.3  3.693  2.762
  2454300.216352  15.7534 0.1383   7.3  3.693  2.762
  2454300.795979  15.5692 0.0986   7.5  3.693  2.766
  2454300.831638  15.5675 0.0990   7.5  3.693  2.766
  2454300.867271  15.5894 0.0984   7.5  3.693  2.767
  2454300.902899  15.6371 0.0987   7.5  3.693  2.767
  2454300.938514  15.6166 0.1001   7.5  3.693  2.767
  2454300.974182  15.6166 0.1023   7.5  3.693  2.767
  2454301.013693  15.5450 0.0994   7.5  3.693  2.768
  2454301.049339  15.5911 0.0986   7.5  3.693  2.768
  2454301.084995  15.6446 0.0988   7.5  3.693  2.768
  2454301.114719  15.7420 0.0805   7.5  3.693  2.768
  2454301.120657  15.7139 0.0928   7.6  3.693  2.768
  2454301.150351  15.7243 0.0802   7.6  3.693  2.769
  2454301.156291  15.6630 0.0992   7.6  3.693  2.769
  2454301.866714  15.8501 0.0935   7.7  3.694  2.774
  2454301.902354  15.8637 0.0914   7.7  3.694  2.774
  2454301.937992  15.7924 0.0910   7.8  3.694  2.774
  2454301.974917  15.8018 0.0964   7.8  3.694  2.775
  2454302.013149  15.8285 0.0916   7.8  3.694  2.775
  2454302.021105  15.8750 0.0917   7.8  3.694  2.775
  2454302.065066  21.6728 6.4591   7.8  3.694  2.775
  2454302.109029  15.8423 0.0935   7.8  3.694  2.776
  2454302.153007  15.8160 0.0951   7.8  3.694  2.776
  2454302.940324  15.8444 0.1276   8.0  3.694  2.782
  2454303.038696  15.8907 0.1225   8.0  3.694  2.783
  2454303.101153  15.8879 0.1221   8.0  3.694  2.783
  2454303.103534  15.8847 0.1176   8.0  3.694  2.783
  2454303.104722  15.8890 0.1218   8.0  3.694  2.783
  2454303.107098  15.8797 0.1237   8.0  3.694  2.783
  2454303.108287  15.9954 0.1237   8.0  3.694  2.783
  2454303.111851  16.5385 0.1299   8.0  3.694  2.783
  2454303.851672  15.8759 0.1149   8.2  3.695  2.789
  2454303.897148  15.9511 0.1145   8.2  3.695  2.789
  2454303.932800  15.8795 0.1196   8.2  3.695  2.790
  2454303.969720  15.9255 0.1155   8.3  3.695  2.790
  2454304.007929  15.9581 0.1208   8.3  3.695  2.790
  2454304.115895  15.9183 0.1437   8.3  3.695  2.791
  2454305.089015  15.9664 0.1126   8.5  3.696  2.799
  2454305.124655  15.9799 0.1161   8.5  3.696  2.799
  2454305.160341  15.9843 0.1083   8.5  3.696  2.800
  2454358.812907  16.4365 0.0896  15.6  3.720  3.476
  2454360.951516  16.4906 0.0949  15.6  3.721  3.508
  2454361.003510  16.4982 0.0947  15.6  3.721  3.509
  2454361.813450  16.5486 0.1057  15.6  3.721  3.521
  2454361.856145  16.5486 0.0959  15.6  3.721  3.522
  2454361.898226  16.5798 0.0960  15.6  3.721  3.522
  2454361.940304  16.5410 0.1196  15.6  3.721  3.523
  2454361.982403  16.5653 0.1123  15.6  3.721  3.524
  2454362.817721  16.7807 0.1948  15.6  3.721  3.536
