  2455306.090091  16.1074 0.0699  23.2  2.214  1.536
  2455306.166598  16.3489 0.0900  23.2  2.214  1.535
  2455306.201295  16.2292 0.0987  23.1  2.214  1.535
  2455306.213652  16.2973 0.0861  23.1  2.214  1.535
  2455306.224760  16.2581 0.0919  23.1  2.214  1.535
  2455306.237091  16.2198 0.0926  23.1  2.214  1.534
  2455306.250811  16.1595 0.0855  23.1  2.214  1.534
  2455306.263155  16.2207 0.0939  23.1  2.214  1.534
  2455306.984410  16.2285 0.0872  23.0  2.215  1.527
  2455306.985647  16.1970 0.0849  23.0  2.215  1.527
  2455306.994792  16.2568 0.0888  23.0  2.215  1.527
  2455307.008740  16.3547 0.0976  23.0  2.215  1.527
  2455307.019847  16.3476 0.0854  23.0  2.215  1.526
  2455307.033429  16.2199 0.0869  23.0  2.215  1.526
  2455307.044532  16.2365 0.0845  23.0  2.215  1.526
  2455307.055639  16.2622 0.0901  23.0  2.215  1.526
  2455307.079174  16.2610 0.0871  23.0  2.215  1.526
  2455307.090278  16.1908 0.0849  23.0  2.215  1.526
  2455307.113729  16.2189 0.0843  22.9  2.215  1.526
  2455307.985737  16.5107 0.1212  22.8  2.215  1.517
  2455307.986972  16.5903 0.1139  22.8  2.215  1.517
  2455307.991765  16.1948 0.1116  22.8  2.215  1.517
  2455308.004409  16.1813 0.1043  22.7  2.215  1.517
  2455308.018432  16.2202 0.1135  22.7  2.215  1.516
  2455308.031015  16.1945 0.1143  22.7  2.215  1.516
  2455308.038513  16.1699 0.1037  22.7  2.215  1.516
  2455308.061860  16.1770 0.1092  22.7  2.215  1.516
  2455308.075422  16.2254 0.1153  22.7  2.215  1.516
  2455308.098880  16.3347 0.1188  22.7  2.215  1.516
  2455308.112458  16.1947 0.1072  22.7  2.215  1.515
  2455308.124802  16.1986 0.1176  22.7  2.215  1.515
  2455308.138376  16.2705 0.1262  22.7  2.215  1.515
  2455308.154296  16.2479 0.1097  22.7  2.215  1.515
  2455308.165395  16.1303 0.1051  22.7  2.215  1.515
  2455308.178145  16.1035 0.1069  22.7  2.215  1.515
  2455308.191713  16.2166 0.1096  22.7  2.215  1.515
  2455308.204039  16.2434 0.1152  22.7  2.215  1.515
  2455308.216381  16.1904 0.1149  22.7  2.215  1.514
  2455308.229962  16.1273 0.1053  22.7  2.215  1.514
  2455308.244896  16.3117 0.1171  22.7  2.215  1.514
  2455308.268324  16.4333 0.1718  22.7  2.215  1.514
  2455317.930141  15.6468 0.1469  20.1  2.216  1.423
  2455318.056365  15.7259 0.1507  20.1  2.216  1.422
  2455318.074414  15.6690 0.1447  20.1  2.216  1.422
  2455318.094041  15.8847 0.1415  20.1  2.216  1.421
  2455318.110486  21.308014.6694  20.1  2.216  1.421
  2455324.942818  18.3719 0.2035  17.8  2.218  1.365
  2455324.956821  15.9951 0.1400  17.8  2.218  1.364
  2455324.984833  16.7344 0.1333  17.8  2.218  1.364
  2455324.997172  16.0178 0.1364  17.8  2.218  1.364
  2455325.011979  16.0692 0.1371  17.8  2.218  1.364
  2455325.024310  15.9693 0.1297  17.8  2.218  1.364
  2455325.035419  15.9170 0.1332  17.8  2.218  1.364
  2455325.129198  15.9273 0.1318  17.8  2.218  1.363
  2455325.220745  15.8804 0.1457  17.7  2.218  1.362
  2455325.221977  15.9919 0.1474  17.7  2.218  1.362
  2455325.223211  16.1759 0.1493  17.7  2.218  1.362
  2455325.235561  15.9333 0.1467  17.7  2.218  1.362
  2455325.246668  15.9104 0.1456  17.7  2.218  1.362
  2455325.260230  15.8925 0.1452  17.7  2.218  1.362
  2455325.276265  16.6237 0.1457  17.7  2.218  1.362
  2455325.923503  15.9718 0.1467  17.5  2.218  1.357
  2455325.934615  15.8967 0.1440  17.5  2.218  1.357
  2455325.945722  15.8710 0.1455  17.5  2.218  1.357
  2455325.986477  15.9145 0.1450  17.5  2.218  1.357
  2455326.023066  15.8583 0.1443  17.5  2.218  1.356
  2455326.035411  15.7868 0.1449  17.5  2.218  1.356
  2455326.057623  15.8630 0.1453  17.4  2.218  1.356
  2455326.071184  16.0223 0.1452  17.4  2.218  1.356
  2455326.082295  15.9474 0.1443  17.4  2.218  1.356
  2455326.093396  16.1360 0.1478  17.4  2.218  1.356
  2455326.105721  15.8477 0.1451  17.4  2.218  1.356
  2455326.116813  15.8666 0.1254  17.4  2.218  1.356
  2455326.127916  16.1366 0.1290  17.4  2.218  1.355
  2455326.140258  15.9177 0.1266  17.4  2.218  1.355
  2455326.151365  15.8230 0.1239  17.4  2.218  1.355
  2455326.163713  15.5877 0.1243  17.4  2.218  1.355
  2455326.178528  15.8895 0.1280  17.4  2.218  1.355
  2455326.205793  15.8853 0.1265  17.4  2.218  1.355
  2455326.218124  15.9085 0.1258  17.4  2.218  1.355
  2455326.229227  15.8153 0.1262  17.4  2.218  1.355
  2455326.240324  15.8222 0.1260  17.4  2.218  1.355
  2455326.253899  15.9177 0.1346  17.4  2.218  1.354
  2455326.267471  15.9776 0.1265  17.4  2.218  1.354
  2455471.827676  16.9844 0.1434  26.0  2.253  2.189
  2455471.840019  16.9597 0.1214  26.0  2.253  2.189
  2455471.851130  17.0944 0.1233  26.0  2.253  2.189
  2455471.863470  17.2014 0.1333  26.0  2.253  2.189
  2455471.874567  17.1454 0.1414  26.0  2.253  2.189
  2455471.904265  17.1578 0.1351  26.0  2.253  2.190
  2455471.915361  17.2049 0.1422  26.0  2.253  2.190
  2455471.926458  17.1246 0.1388  26.0  2.253  2.190
  2455471.938794  17.0735 0.1289  26.0  2.253  2.190
  2455471.949895  17.0464 0.1275  26.0  2.253  2.190
  2455471.960988  17.1323 0.1463  26.0  2.253  2.190
  2455471.974565  17.1207 0.1399  26.0  2.253  2.190
  2455471.985679  17.1265 0.1432  26.0  2.253  2.191
  2455475.905365  17.0942 0.1477  25.7  2.254  2.238
  2455475.943580  17.2049 0.1791  25.7  2.254  2.238
  2455476.925546  17.2370 0.1532  25.6  2.254  2.250
  2455476.960073  17.3142 0.1706  25.6  2.254  2.250
